function bezpoints = rng15_e()
  
bezpoints = [3,3;2.99817233621289,11.4796112554937;2.99634467242578,19.9592225109874;8.45129639614194,22.8818437862139;13.9062481198581,25.8044650614404;18.7266988484015,31.6359975945114;23.5471495769449,37.4675301275825;27.9791747043691,39.4097329277451;32.4111998317933,41.3519357279076;41.2773625368655,40.2429460616511;50.1435252419378,39.1339563953945;54.5400971325636,40.4921528126436;58.9366690231893,41.8503492298926;61.9410788349363,48.4381239396147;64.9454886466833,55.0258986493368;67.3609680662924,58.6851925863483;69.7764474859015,62.3444865233597;67.2477270673049,69.0564012449939;64.7190066487084,75.7683159666280;74.0022957309513,78.6591758998580;83.2855848131943,81.5500358330880;85.8235122582130,84.3107285511977;88.3614397032317,87.0714212693075;95.8163532411449,87.9315631831322;103.271266779058,88.7917050969568;100,100];




end
