function bezpoints = rng165_e()
  
bezpoints = [3,3;5.03499146846439,12.1620696443775;7.06998293692877,21.3241392887550;9.42068188854669,24.8751447601010;11.7713808401646,28.4261502314471;18.5560424096550,34.6082513939133;25.3407039791453,40.7903525563796;28.7240664789963,43.3121832579214;32.1074289788473,45.8340139594633;39.2527244905868,51.5809446176529;46.3980200023263,57.3278752758426;49.7038861978462,59.9482992087655;53.0097523933662,62.5687231416884;59.7554155668874,68.7832885031869;66.5010787404085,74.9978538646853;68.9265196353686,78.3999022469232;71.3519605303287,81.8019506291610;76.7230193455718,89.4564581785848;82.0940781608150,97.1109657280086;85.7559000659888,97.9193965134126;89.4177219711627,98.7278272988165;93.1826452854596,96.8737123139202;96.9475685997565,95.0195973290240;100,100];



end
