function bezpoints = rng11_t()
  
bezpoints = [3,3;3.68756348625125,14.2931829790004;4.37512697250250,25.5863659580008;9.36051148961188,27.3677493678495;14.3458960067213,29.1491327776981;21.3941407739242,36.1456826317693;28.4423855411271,43.1422324858405;32.3493793256761,46.3856745514033;36.2563731102250,49.6291166169661;43.6242562391826,56.2775973941326;50.9921393681401,62.9260781712991;55.0541427724026,65.9849541820744;59.1161461766650,69.0438301928498;67.3901714977978,74.5150704488678;75.6641968189306,79.9863107048857;79.8835129281458,81.8045838287194;84.1028290375458,83.6228569526103;89.8186477978220,89.0003283453687;95.5344665581046,94.3777997381427;100,100];

end
