function bezpoints = rng16_d()
  
bezpoints = [3,3;3.97245621775859,9.00372090865628;4.94491243551718,15.0074418173126;7.65757883823554,19.9167197853372;10.3702452409539,24.8259977533617;12.7039163625748,28.5486316952917;15.0375874841957,32.2712656372217;23.6519484059991,38.7080234124876;32.2663093278025,45.1447811877534;35.5199407970654,47.8789400155884;38.7735722663283,50.6130988434234;45.3858710664289,55.9186502052859;51.9981698665294,61.2242015671483;55.3575789606796,63.9445221394326;58.7169880548298,66.6648427117169;62.7739672275451,70.7836276219253;66.8309464002604,74.9024125321337;69.2867344958534,78.3585345504839;71.7425225914464,81.8146565688341;75.8797054556751,87.1788397487152;80.0168883199037,92.5430229285963;82.2074550586848,95.5866913341467;84.3980217974659,98.6303597396972;90.3976619470900,98.7936578348843;96.3973021007502,98.9569559302274;100,100];


end
