function bezpoints = rng14_e()
  
bezpoints = [3,3;10.4633477985707,4.45776515780951;17.9266955971413,5.91553031561902;18.9568210414270,13.2394022160138;19.9869464857127,20.5632741164086;18.3423479808021,25.5746985110843;16.6977494758915,30.5861229057601;22.3942993289664,37.8397624363077;28.0908491820412,45.0934019668553;30.2308007934451,48.6803624548437;32.3707524048489,52.2673229428322;40.0727659701470,57.6606376479854;47.7747795354451,63.0539523531387;51.5032752057080,64.6129245650791;55.2317708759708,66.1718967770195;62.7009045366693,71.8987947265292;70.1700381973678,77.6256926760388;73.6916610014484,79.4116152194548;77.2132838055290,81.1975377628709;81.7019878070805,83.3077964846273;86.1906918086320,85.4180552063833;92.4594666656505,89.9297828388241;98.7282415226688,94.4415104712643;100,100];


end
