function bezpoints = rng14_d()
  
bezpoints = [3,3;8.96176347884728,4.09137265914678;14.9235269576946,5.18274531829355;17.7057498537480,12.8963972998919;20.4879727498015,20.6100492814903;18.5724138651893,24.9307828200787;16.6568549805771,29.2515163586671;21.1503640799998,34.6537437979492;25.6438731794225,40.0559712372312;27.6804160597671,44.3795836251484;29.7169589401118,48.7031960130655;33.5128639311430,52.4386667684816;37.3087689221743,56.1741375238976;41.6485151688988,58.5034324949580;45.9882614156232,60.8327274660184;51.3712446412935,64.1530613367993;56.7542278669639,67.4733952075802;61.9775415572975,71.4573774121729;67.2008552476312,75.4413596167656;71.2325635626632,78.4463936301277;75.2642718776953,81.4514276434898;82.0195049835249,84.8373474245395;88.7747380893546,88.2232672055893;92.3514597216234,87.0965186243729;95.9281813538922,85.9697700431566;96.1757298608076,93.5482593121914;96.4232783677233,101.126748581226;100,100];



end
