function bezpoints = rng18_e()
  
bezpoints = [3,3;2.06722380640063,11.7721737274541;1.13444761280126,20.5443474549082;7.31820040309261,23.1114453906718;13.5019531933840,25.6785433264354;18.3713507235138,30.5316829614853;23.2407482536437,35.3848225965351;28.3195014556560,39.4833396831864;33.3982546576684,43.5818567698377;38.6112911599829,48.0453445477852;43.8243276622974,52.5088323257327;48.9357800864144,56.5327014994313;54.0472325105314,60.5565706731298;59.3180527783838,64.7695149835414;64.5888730462362,68.9824592939529;69.7381160376635,72.8585075952692;74.8873590290909,76.7345558965854;79.0127362669996,82.2420493942947;83.1381135049083,87.7495428920040;85.8994841318215,85.2123530566112;88.6608547587347,82.6751632212183;92.8643777650958,92.5064800363927;97.0679007714568,102.337796851567;100,100];



end
