function bezpoints = rng11_e()
  
bezpoints = [3,3;3.17666713923178,11.4419097898606;3.35333427846356,19.8838195797211;8.74566488769374,22.9918801973761;14.1379954969239,26.0999408150312;18.8019569286413,31.7368479755955;23.4659183603587,37.3737551361599;27.6713737623496,41.7584287343637;31.8768291643406,46.1431023325674;37.4774612503436,50.8781865931772;43.0780933363466,55.6132708537870;47.5703698433067,59.7122688643983;52.0626463502669,63.8112668750096;57.8211702708351,68.1203974283350;63.5796941914034,72.4295279816604;68.8289951366131,75.6208148389742;74.0782960818229,78.8121016962879;77.9298992018911,80.5948132980986;81.7815023219616,82.3775248998654;90.4610908634791,88.8044120628640;99.1406794051038,95.2312992258646;100,100];


end
