function bezpoints = rng13_t()
  
bezpoints = [3,3;-0.0167875293131777,14.5143544119576;-3.03357505862636,26.0287088239152;1.41742375511902,28.5267712061158;5.86842256886439,31.0248335883163;13.7080860173952,37.1052053529567;21.5477494659261,43.1855771175971;26.8229461248504,44.1139553069298;32.0981427837748,45.0423334962626;40.4782143388121,50.1354144380851;48.8582858938493,55.2284953799077;52.5892758487450,58.9341524450150;56.3202658036407,62.6398095101223;63.1803697616943,68.5579005022239;70.0404737197480,74.4759914943255;76.3921175950076,75.1818485122781;82.7393104031721,75.8877055302306;85.3043961605667,84.1809083568351;87.8694819179336,92.4741111833613;92.6665382656102,94.8541729284348;97.4635946107986,97.2342346735152;100,100];


end
