function bezpoints = rng13_e()
  
bezpoints = [3,3;12.6957377562176,3.65693174486285;22.3914755124352,4.31386348972570;26.1042246144932,4.84111495266111;29.8169737165512,5.36836641559652;37.3845683180238,11.5915803878401;44.9521629194964,17.8147943600836;48.1012123133756,19.8509642731580;51.2502617072548,21.8871341862323;58.5009891647054,28.0937040333759;65.7517166221561,34.3002738805194;66.9783921421756,37.8439678809355;68.2050676621952,41.3876618813516;70.9253269380167,48.3948735601516;73.6455862138382,55.4020852389517;79.6646132186892,57.3009476261137;85.6836402235402,59.1998100132758;88.6492213040690,66.6969261011913;91.6148023845979,74.1940421891067;95.1394283559208,72.9136079806150;98.6640543272438,71.6331737721233;97.5697141779604,86.4568039903075;96.4753740286771,101.280434208492;100,100];



end
