function bezpoints = rng16_t()
  
bezpoints = [3,3;5.46631730739052,13.8139143133679;7.93263461478103,24.6278286267358;10.9996850238215,27.5907037501840;14.0667354328619,30.5535788736323;22.3191925744166,37.4290991235815;30.5716497159713,44.3046193735307;33.9179112537869,46.9401070630317;37.2641727916026,49.5755947525327;45.6291697817546,56.3126619377228;53.9941667719067,63.0497291229128;56.9816183943612,66.1068421519386;59.9690700168156,69.1639551809643;66.6559682887586,77.5638947971000;73.3428665607016,85.9638344132358;75.0965773493988,89.9267556007466;76.8502881380958,93.8896767882570;85.4699712970014,97.8105249121740;94.0896544559072,101.731373036091;100,100];




end
