function bezpoints = rng19_d()
  
bezpoints = [3,3;2.96304048318746,10.5657734775544;2.92608096637493,18.1315469551088;4.07531900654083,21.7011060213011;5.22455704670673,25.2706650874934;14.4355725800084,31.7498010356551;23.6465881133100,38.2289369838168;26.4644323063675,40.7032559009437;29.2822764994250,43.1775748180707;34.2962947379233,47.1499451846384;39.3103129764217,51.1223155512061;42.7245579732799,53.3982794749314;46.1388029701381,55.6742433986567;50.9739886872167,59.1358673583738;55.8091744042953,62.5974913180909;60.2541742774780,66.3709882501323;64.6991741506607,70.1444851821738;68.2329169528949,73.4377388581079;71.7666597551292,76.7309925340420;76.9332033399878,78.1699202276985;82.0997469248465,79.6088479213549;84.8385206303120,83.4168306684729;87.5772943357775,87.2248134155909;92.5345243133488,92.2185627905138;97.4917542909198,97.2123121654367;100,100];



end
