function bezpoints = rng18_t()
  
bezpoints = [3,3;2.24074202054862,14.4998992470386;1.48148404109723,25.9997984940773;7.15334631248516,27.4513798871680;12.8252085838731,28.9029612802587;19.7279323151889,35.3578284807015;26.6306560465048,41.8126956811442;31.1033039977129,45.1240912105907;35.5759519489211,48.4354867400371;43.2051128148116,53.9866568224588;50.8342736807021,59.5378269048805;55.5031046166683,62.5722627790913;60.1719355526346,65.6066986533022;67.7271347174041,71.2612987161398;74.5333289343485,76.4708973069280;76.8780337431477,79.7215194402377;79.2227385528149,82.9721415735525;87.7056641578712,90.0631574230868;96.1885897627355,97.1541732728145;99.3330134865713,99.4891969983255];



end
