function bezpoints = rng17_d()
  
bezpoints = [3,3;
    5.55896903379663,8.25904814198266;
    8.11793806759325,13.5180962839653;
    11.9015730981053,15.8144958581267;
    15.6852081286173,18.1108954322881;
    20.7890385135035,21.3268281651838;
    25.8928688983898,24.5427608980796;
    28.6920158334595,27.4182858886215;
    31.4911627685292,30.2938108791634;
    35.9017962397635,34.7739714139747;
    40.3124297109977,39.2541319487860;
    44.3202833608909,43.3350022350355;
    48.3281370107840,47.4158725212849;
    51.9950176493722,51.1469799801169;
    55.6618982879603,54.8780874389489;
    58.8497915342904,58.4267839115450;
    62.0376847806204,61.9754803841411;
    65.4262847375697,66.1924068123822;
    68.8148846945190,70.4093332406234;
    71.5219406016006,74.1186500085523;
    74.2289965086821,77.8279667764813;
    80.5379773525109,82.5284505126038;
    86.8469581962615,87.2289342520559;
    89.6263115151339,90.3028432972744;
    92.4056648329962,93.3767523424339;
    100,100];

end
