function bezpoints = rng15_d()
  
bezpoints = [3,3;2.71585208202619,9.32849534361447;2.43170416405238,15.6569906872289;6.40034977038828,18.0849233455592;10.3689953767242,20.5128560038894;13.9694013480830,25.0048691181784;17.5698073194418,29.4968822324674;21.2548843021235,33.8901698610700;24.9399612848051,38.2834574896726;29.0439831617059,40.0131735439712;33.1480050386066,41.7428895982697;38.7143221465709,42.4357852072202;44.2806392545351,43.1286808161707;37.4081472227462,49.8211699005433;30.5356551909572,56.5136589849160;40.4900158991329,61.1671822015329;50.4443766073086,65.8207054181499;53.5729923561857,68.4429035750323;56.7016081050629,71.0651017319146;64.1093604929379,75.8983093482504;71.5171128808128,80.7315169645862;75.2038539900781,81.7136272398359;78.8905950993435,82.6957375150855;85.4586592603272,84.7633803803072;92.0267234213045,86.8310232455304;93.7957620514286,90.1375323704140;95.5648006815466,93.4440414953028;100,100];


end
