function bezpoints = rng20_t()
  
bezpoints = [3,3;9.25178314171917,11.7906618221709;15.5035662834383,20.5813236443418;17.7208843254507,24.1687542710287;19.9382023674631,27.7561848977157;27.6092805441668,35.4150658690574;35.2803587208705,43.0739468403992;40.7058089643573,40.8324816913640;46.1312592078441,38.5910165423288;52.8526103618869,41.2993332263198;59.5739615159296,44.0076499103107;65.4530741470607,49.2960832074538;71.3321867781919,54.5845165045969;76.3359419900244,59.6162558849667;81.3396972018569,64.6479952653364;85.8105664040051,71.2178518485916;90.2814356061534,77.7877084318468;93.2856594861506,80.0320655511249;96.2898833661478,82.2764226704031;97.4723753738905,89.3879886176453;98.6548673816334,96.4995545648875;100,100];



end
