function bezpoints = rng20_e()
  
bezpoints = [3,3;8.31728789630638,10.3912316706276;13.6345757926128,17.7824633412551;15.9936799809031,21.3639938195979;18.3527841691935,24.9455242979406;24.2217374798075,31.7983182172158;30.0906907904214,38.6511121364910;33.2011791495288,40.8012846444771;36.3116675086362,42.9514571524633;44.9109041474975,42.0986381704551;53.5101407863588,41.2458191884470;57.6515823251962,44.9788579373852;61.7930238640336,48.7118966863235;68.2755139901271,52.5680360212499;74.7580041162207,56.4241753561763;78.2902091662924,61.3346728108210;81.8224142163641,66.2451702654658;86.2269766568030,72.0252123657360;90.6315390972419,77.8052544660062;99.4709972596767,75.8746233070004;108.310455422111,73.9439921479945;102.521625047191,86.0516877905323;96.7327946722706,98.1593834330701;100,100];



end
