function bezpoints = rng8()

%bezier control points using rng(8) 54/4/3, num_path = 3

bezpoints = [3,3;7.07106792546492,7.07106769826863;
    11.1421358509298,11.1421353965373;
    14.9053909334051,13.2356960290485;
    18.6686460158803,15.3292566615597;
    18.1457416358273,22.1105641994976;
    17.6228372557743,28.8918717374355;
    21.0974399467121,31.1707981152315;
    24.5720426376498,33.4497244930275;
    28.9209926890396,35.4370192340809;
    33.2699427404293,37.4243139751343;
    38.0620105113675,39.4914033626294;
    42.8540782823056,41.5584927501244;
    47.7083678968039,41.9545413112109;
    52.5626575113021,42.3505898722974;
    55.6189905425263,47.4044705970285;
    58.6753235737504,52.4583513217596;
    61.5491043693280,55.4316091229188;
    64.4228851649056,58.4048669240779;
    66.1039566920793,64.2273442871063;
    67.7850282192530,70.0498216501347;
    68.6399272193226,73.8988812871905;
    69.4948262193922,77.7479409242462;
    74.3987215106201,81.8683430032115;
    79.3026168018480,85.9887450821768;
    81.6179279211846,88.7712022614120;
    83.9332390405211,91.5536594406472;
    88.2798399563196,94.1294333292754;
    92.6264408721207,96.7052072178916;
    95.1940565300542,97.7958125253104;
    97.7616721879901,98.8864178327287;100,100];


end