function [Bez_points, num_path, num_segments, delta_t, t, solution1, solution2, solution3, solution4, solution5,...
    Path_bez, ms_i, uav_ws, n_obs, obs, obs_rad] = make_video_5_18a()
%inputs
Bez_points = [5,5;11.3795537673639,9.75275699306449;17.7591075347279,14.5055139861290;23.0488745647088,19.1708935730708;28.3386415946897,23.8362731600125;26.1181878135652,32.1858343999632;23.8977340324407,40.5353956399139;30.5045959828192,45.4909684869892;37.1114579331976,50.4465413340645;40.6036751450705,56.4470496136719;44.0958923569435,62.4475578932792;45.6883149390583,70.4866784802430;47.2807375211730,78.5257990672069;51.7149399545827,84.0652487991767;56.1491423879924,89.6046985311465;64.2273461384169,91.8871493229330;72.3055498888414,94.1696001147195;76.3754295680074,95.9944165725081;80.4453092471733,97.8192330302967;85.1019546670066,98.2585713940637;89.7586000868398,98.6979097578307;100,100];

num_path = 3;
num_segments = 11; %0;
delta_t = 0.1;
t = 0 : delta_t : 1;

solution1 = [5,5;10.3972833561553,8.38927086891360;15.7945667123105,11.7785417378274;19.6340153230120,17.8308756074805;23.4734639337134,23.8832094771336;29.5146549073450,27.6390262046651;17.7591075347279,14.5055139861290;19.9845220491647,21.7258846431337;22.2099365636971,28.9462553001723;26.7708549868616,35.0193815569607;31.3317734100955,41.0925078136738;37.4784215668400,45.4375689009848;28.3386415946897,23.8362731600125;36.7297033499233,24.7026150944416;45.1207651051569,25.5689570288707;49.7103284258108,29.8981457875562;54.2998917497068,34.2273345311480;54.7400536240568,39.6527380037147;23.8977340324407,40.5353956399139;30.5045962989245,45.4909683002382;37.1114585654083,50.4465409605625;40.6531294605324,56.4074233870018;44.1948003556564,62.3683058134411;51.2525562976097,66.8244456989691;37.1114579331976,50.4465413340645;40.6036751450705,56.4470496136719;44.0958923569435,62.4475578932792;51.1250710313167,66.4939813303437;58.1542497056898,70.5404047674082;65.5713909513058,68.8823033771394;44.0958923569435,62.4475578932792;49.2715260104264,67.2328438440677;54.4471596633771,72.0181297948878;63.2615825644861,69.5409731035802;72.0760054653151,67.0638156030022;77.5822218518383,65.0873556883820;47.2807375211730,78.5257990672069;51.7149399545827,84.0652487991767;56.1491423879924,89.6046985311465;64.2273461384169,91.8871493229330;72.3055498888414,94.1696001147195;78.6474141910133,96.0175756399686;56.1491423879924,89.6046985311465;64.2273461384169,91.8871493229330;72.3055498888414,94.1696001147195;78.4578709923305,96.6096423461807;84.6101920958195,99.0496845776419;93.1500534507789,99.2161966618376;72.3055498888414,94.1696001147195;78.1755825137661,96.6093274756974;84.0456151386896,99.0490548366753;90.0322127569229,100.166392251237;96.0188103751545,101.283729665799;100.000036155357,99.9999894386650];

solution2 = [5,5;11.3795537673639,9.75275699306449;17.7591075347279,14.5055139861290;20.2998415630132,21.5408651674207;22.8405755912985,28.5762163487125;26.7824389309001,35.0398818873086;17.7591075347279,14.5055139861290;23.0488745647088,19.1708935730708;28.3386415946897,23.8362731600125;36.7297033499233,24.7026150944416;45.1207651051570,25.5689570288707;48.1225617626963,33.1459287376350;28.3386415946897,23.8362731600125;35.5706152264027,21.0359633198636;42.8025888581157,18.2356534797147;45.2848679074643,24.0168340307193;47.7671469568129,29.7980145817239;54.5315442814105,35.6516047248836;23.8977340324407,40.5353956399139;28.7220739266078,44.4840263555897;33.5464138207749,48.4326570712654;37.5837820303385,49.0336405998732;41.6211502399022,49.6346241284810;48.2994792150345,45.4587712920471;37.1114579331976,50.4465413340645;36.0137833962771,56.8738289520485;34.9161088610957,63.3011165749374;43.8800257885495,57.6570604600175;52.8439427181160,52.0130043424110;55.1404061081258,58.6352613199379;44.0958923569435,62.4475578932792;47.0441247946305,64.7674633973693;49.9923572323175,67.0873689014593;55.8697405862043,69.4912875496525;61.7471239400911,71.8952061978456;65.5713909513059,68.8823033771394;47.2807375211730,78.5257990672069;47.0100018293669,83.4949672518188;46.7392661375607,88.4641354364309;54.6834068232423,76.5670223216541;62.6275475089239,64.6699092068777;62.9533347544945,72.0435741679516;56.1491423879924,89.6046985311465;64.2273461384169,91.8871493229330;72.3055498888414,94.1696001147195;78.4578708319514,96.6096428007463;84.6101917750614,99.0496854867730;93.1500552105443,99.2161812711244;72.3055498888414,94.1696001147195;75.1287480150482,99.7734262831138;77.9519461412548,105.377252451508;85.8705131462399,104.611954235540;93.7890801512254,103.846656019571;99.9998956211574,99.9999932354545];

solution3 = [5,5;11.3795537673639,9.75275699306449;17.7591075347279,14.5055139861290;20.2998420978362,21.5408648431995;22.8405766609435,28.5762157002693;26.7824389332428,35.0398818914331;17.7591075347279,14.5055139861290;19.9845389155163,21.7258865414980;22.2099702961591,28.9462590967538;26.7708709951138,35.0194091387579;31.3317716942009,41.0925591806596;37.4794015494763,45.4364947944855;28.3386415946897,23.8362731600125;26.1181878135652,32.1858343999632;23.8977340324407,40.5353956399139;32.2214748909655,44.2546913965404;40.5452157494902,47.9739871531669;44.3993506640406,52.7800671918923;23.8977340324407,40.5353956399139;30.5045959828192,45.4909684869892;37.1114579331981,50.4465413340641;40.6531287525896,56.4074239499652;44.1947995719818,62.3683065658662;51.2525573573549,66.8244441443595;37.1114579331976,50.4465413340645;39.2577733044173,57.3632120479635;41.4040886756383,64.2798827618710;44.4014651145089,71.4477590439926;47.3988415533955,78.6156353261211;55.3308412309320,80.9378373599901;44.0958923569435,62.4475578932792;45.6883149390583,70.4866784802430;47.2807375211730,78.5257990672069;51.7149399545857,84.0652487991855;56.1491423879983,89.6046985311642;64.2273461385150,91.8871493229872;47.2807375211730,78.5257990672069;51.7149399545827,84.0652487991767;56.1491423879923,89.6046985311466;64.2273461384170,91.8871493229329;72.3055498888416,94.1696001147192;78.6474141910118,96.0175756399597;56.1491423879924,89.6046985311465;64.2273461384169,91.8871493229330;72.3055498888414,94.1696001147195;78.4578709921752,96.6096423466194;84.6101920955090,99.0496845785192;93.1500534519371,99.2161966468347;72.3055498888414,94.1696001147195;75.7458697973891,100.784601870917;79.1861897059370,107.399603627114;85.7821318662877,102.779181133859;92.3780740266387,98.1587586406043;99.9999934508123,100.000001972145];

