function bezpoints = rng19_e()
  
bezpoints = [3,3;2.84850237079420,12.7130302585226;2.69700474158841,22.4260605170452;6.56880835982454,25.0365731608013;10.4406119780607,27.6470858045574;16.9155141717935,33.5161843762795;23.3904163655264,39.3852829480015;27.1182964317377,42.1794106654051;30.8461764979490,44.9735383828086;37.9952728651476,49.9845451908550;45.1443692323463,54.9955519989014;48.9958162268493,57.6200456582255;52.8472632213524,60.2445393175495;59.4026628163824,65.7955080178209;65.9580624114124,71.3464767180922;69.4153874024584,74.3810605618453;72.8727123935045,77.4156444055983;81.0903107094794,79.6617544489337;89.3079090254543,81.9078644922690;86.7178258698226,84.6196847751995;84.1277427141910,87.3315050581301;93.2935842232681,92.2503263500874;102.459425732345,97.1691476420430;100,100];


end
