function bezpoints = rng19_t()
  
bezpoints = [3,3;3.22126008901613,14.3771044747984;3.44252017803226,25.7542089495968;8.27390878379878,27.7157698636433;13.1052973895653,29.6773307776898;20.3354734231482,36.5073090278296;27.5656494567310,43.3372872779694;31.9231403581424,45.9956822537033;36.2806312595538,48.6540772294372;44.3886132856953,54.3352246503791;52.4965953118369,60.0163720713209;56.4175750803364,63.2901275993493;60.3385548488360,66.5638831273777;67.1710599961162,72.5749866697733;74.0035651433965,78.5860902121688;79.8724830517918,78.8935386670094;85.7414009601873,79.2009871218499;91.1072615792561,87.9679813048870;96.4731221983191,96.7349754879205;100,100];




end
