function bezpoints = rng14_t()
  
bezpoints = [3,3;9.84082564597859,3.49737000033101;16.6816512919572,3.99474000066201;18.5251071539027,13.3315898891043;20.3685630158483,22.6684397775466;17.9266237793762,26.2496954571485;15.4846845429041,29.8309511367503;22.4137867126530,38.6938480123644;29.3428888824020,47.5567448879785;31.5963623524696,50.5545346272019;33.8498358225372,53.5523243664253;43.2948598174998,59.8689254148079;52.7398838124623,66.1855264631905;56.3703281473850,67.1248740724532;60.0007724823077,68.0642216817160;68.5703859113453,75.6935128235880;77.1399993403828,83.3228039654601;80.7704436754596,84.2621515745683;84.4008880105368,85.2014991836764;90.6362360679151,88.6674359621339;96.8715841252933,92.1333727405914;100,100];

end
