function bezpoints = rng17_e()
  
bezpoints = [3,3;6.80588610383320,10.5614303720661;10.6117722076664,18.1228607441323;16.2369773818862,19.6247771438503;21.8621825561061,21.1266935435683;27.6489910272268,26.3937234720860;33.4357994983476,31.6607534006038;37.2476475612123,35.7227442933137;41.0594956240770,39.7847351860237;46.5487394919781,45.3519526201725;52.0379833598791,50.9191700543213;55.7871775403736,55.0147594280547;59.5363717208681,59.1103488017881;64.4447214468749,65.0733508189411;69.3530711728816,71.0363528360941;72.6475392451033,75.6137257497729;75.9420073173250,80.1910986634518;79.2328484901569,81.9891154529374;82.5236896629888,83.7871322424230;89.8217715192065,90.6928105856031;97.1198533754242,97.5984889287831;100,100];


end
