function bezpoints = rng11_d()

  
bezpoints = [3,3;
    2.90122702315389,9.29361122816146;
    2.80245404630777,15.5872224563229;
    10.2426651802075,20.4581450491520;
    17.6828763141073,25.3290676419811;
    19.3776246555174,28.7093692515290;
    21.0723729969275,32.0896708610770;
    24.8257559179524,37.0803047982525;
    28.5791388389772,42.0709387354279;
    31.0034692447122,44.9423612916330;
    33.4277996504472,47.8137838478380;
    40.3743908296012,53.6310395269694;
    47.3209820087551,59.4482952061008;
    50.1790028112211,62.0151225383465;
    53.0370236136871,64.5819498705923;
    59.3778569711107,69.3477168361497;
    65.7186903285343,74.1134838017072;
    69.4017641901551,76.1773633831633;
    73.0848380517759,78.2412429646194;
    78.2922897624045,80.8626506806861;
    83.4997414730330,83.4840583967529;
    86.3726927682362,85.8941726793940;
    89.2456440634393,88.3042869620351;
    93.3124177073928,92.8110746272557;
    97.3791913513473,97.3178622924760;
    100,100];

end








