function bezpoints = rng12_e()
  
bezpoints = [3,3;7.19794101095192,11.3275480605196;11.3958820219038,19.6550961210393;15.2461808144984,21.7689423268981;19.0964796070929,23.8827885327568;26.0596225995874,29.1980905047433;33.0227655920819,34.5133924767299;37.1147658402029,36.7472768324390;41.2067660883238,38.9811611881481;48.2129801846970,43.9347857512912;55.2191942810703,48.8884103144344;57.4821072184958,53.4182350203997;59.7450201559213,57.9480597263651;65.1826665878637,64.3429498328612;70.6203130198061,70.7378399393574;73.3166856196973,74.8973761625803;76.0130582195885,79.0569123858033;77.8103507128307,83.6637717223725;79.6076432060732,88.2706310589419;86.8754998397056,94.4344186955199;94.1433564733382,100.598206332098;100,100];

end
