function bezpoints = rng15_t()
  
bezpoints = [3,3;3.06783051171358,13.1814889412811;3.13566102342717,23.3629778825623;9.87233127596774,25.2800151614472;16.6090015285083,27.1970524403322;18.9004634840722,36.3393026757003;21.1919254396360,45.4815529110683;24.3279316714921,50.2538154538179;27.4639379033481,55.0260779965674;35.9073957315546,59.5650104074563;44.3508535597612,64.1039428183453;48.8288998258797,67.1705420347695;53.3069460919983,70.2371412511937;62.1268954020649,74.0668748844133;70.9468447121316,77.8966085176329;76.1323971864147,79.4135838123691;81.3179496606979,80.9305591071054;84.9878754659963,83.1197945277249;88.6578012712976,85.3090299483503;91.5773758638187,87.6624499180937;94.4969504563404,90.0158698878368;100,100];





end
