function bezpoints = rng17_t()
  
bezpoints = [3,3;7.94411458545999,12.6707210144658;12.8882291709200,22.3414420289316;18.5403767801627,22.2397681019665;24.1925243894054,22.1380941750014;31.0992633336412,29.6606865669801;38.0060022778770,37.1832789589588;41.4225636572211,40.5413786009303;44.8391250365651,43.8994782429018;51.6946186019738,51.4699396384477;58.5501121673826,59.0404010339935;61.9360226386952,62.4278907652934;65.3219331100078,65.8153804965932;71.4961240089116,73.9742122279572;76.8368985371814,80.7496630659110;80.3719845020080,83.3176174969508;83.8987638133520,85.8952777063559;89.9162264156638,91.2354354825115;95.9336890179677,96.5751132266077;98.8163984388445,98.9735942994220];




end
