function bezpoints = rng4_d()

%bezier control points using rng(4) 49/4/3, num_path = 3
  
bezpoints = [3,3;
    8.56689848048328,5.00560401109224;
    14.1337969609666,7.01120802218449;
    18.1103809662822,9.48075562387112;
    22.0869649715979,11.9503032255578;
    25.7292560078969,15.9108243676617;
    29.3715470441959,19.8713455097657;
    30.7698183750268,24.4506351517767;
    32.1680897058576,29.0299247937878;
    34.3440771386499,34.6592485587784;
    36.5200645714422,40.2885723237690;
    38.9234884025649,43.5166716970231;
    41.3269122336877,46.7447710702771;
    44.3877352926262,51.8867989978358;
    47.4485583515647,57.0288269253945;
    50.2322305564329,60.8782100687937;
    53.0159027613012,64.7275932121929;
    56.5279797862755,68.6417451170099;
    60.0400568112499,72.5558970218269;
    64.6455179284367,74.3186010121726;
    69.2509790456235,76.0813050025183;
    74.2427137620837,77.7873827149500;
    79.2344484785438,79.4934604273818;
    82.6473110526291,83.0300109873148;
    86.0601736267144,86.5665615472479;
    88.9986048922371,89.3605595341380;
    91.9370361577597,92.1545575210281;
    94.6207117061107,94.7737912927988;
    97.3043872544617,97.3930250645694;
    100,100];


end