function [Bez_points, num_path, num_segments, delta_t, t, solution1, solution2, solution3, solution4, solution5,...
    Path_bez, ms_i, uav_ws, n_obs, obs, obs_rad] = make_video_5_17a()

%inputs
Bez_points = [5,5;12.1420890907928,8.70772446801226;19.2841781815856,12.4154489360245;24.7658949917889,16.7673198189620;30.2476118019922,21.1191907018994;35.1015375640042,27.5823517622125;39.9554633260163,34.0455128225255;39.6678589041692,41.5553226003889;39.3802544823222,49.0651323782523;45.1327962173880,55.0723938699517;50.8853379524538,61.0796553616511;53.6127388632959,67.3517362473543;56.3401397741381,73.6238171330576;65.4395425874552,75.6052885506379;73.0581039195893,77.5869080670934;74.6916767473712,86.2847167886376;76.3252495765731,94.9825255101489;84.3539914701014,96.3893747192402;92.3827333648144,97.7962239283686;98.8931279310806,99.9541448911837];
num_path = 3;
num_segments = 10; %0;
delta_t = 0.1;
t = 0 : delta_t : 1;

solution1 = [5,5;12.1420890907928,8.70772446801226;19.2841781815856,12.4154489360245;20.0012723781960,20.6724557214291;20.7183665748063,28.9294625068337;28.1757083267949,32.3272846054757;19.2841781815856,12.4154489360245;24.7658949917889,16.7673198189620;30.2476118019922,21.1191907018994;35.1015375640323,27.5823517622371;39.9554633260722,34.0455128225746;44.8474883121678,38.9694223772940;30.2476118019922,21.1191907018994;34.8832352202800,27.3850866029234;39.5188586385678,33.6509825039473;45.2631764651975,37.3559755228609;51.0074942918272,41.0609685417746;52.4012641498085,45.4880373922803;39.9554633260163,34.0455128225255;39.6678589041692,41.5553226003889;39.3802544823222,49.0651323782523;45.1327962173880,55.0723938699517;50.8853379524538,61.0796553616511;53.6127388632959,67.3517362473543;39.3802544823222,49.0651323782523;45.1327962173881,55.0723938699517;50.8853379524539,61.0796553616512;53.6127388632959,67.3517362473544;56.3401397741380,73.6238171330575;64.7751309932143,76.7394960072024;50.8853379524538,61.0796553616511;53.6127388632959,67.3517362473543;56.3401397741381,73.6238171330576;64.2973619291951,77.4122230134073;72.2545840842522,81.2006288937573;77.1638054647560,85.0653217857700;56.3401397741381,73.6238171330576;62.8049564899586,79.0358304586942;69.2697732057792,84.4478437843308;73.2928641861635,89.7178795944756;77.3159551665476,94.9879154046207;86.1215402598934,96.8675367780596;74.5389454007723,77.5867599682182;79.9295124010969,79.4433154153625;85.3200794014214,81.2998708625067;91.1275824114037,88.0880354982092;96.9350854213861,94.8762001339109;100.000055184447,100.000020242360];
solution2 = [5,5;12.1420890907928,8.70772446801226;19.2841781815856,12.4154489360245;24.7560515496234,16.7816182792676;30.2279249176612,21.1477876225106;35.2949396678980,27.4144935251842;19.2841781815856,12.4154489360245;24.7658949893050,16.7673198225761;30.2476117970244,21.1191907091276;35.1015376135212,27.5823517203961;39.9554634300181,34.0455127316644;44.8474867097112,38.9694237993487;30.2476118019922,21.1191907018994;34.5476403424982,27.0848535864884;38.8476688830042,33.0505164710773;44.6719340371048,37.2821457341475;50.4961991912054,41.5137749972177;52.4012641498086,45.4880373922805;39.9554633260163,34.0455128225255;36.9016973325281,39.3651412392349;33.8479313390400,44.6847696559442;44.0153457483286,41.9510845668415;54.1827601576172,39.2173994777388;57.9632419675497,39.2750225674116;39.3802544823222,49.0651323782523;46.4853802747160,39.3296390663382;53.5905060673752,29.5941457543038;52.7307399185299,43.3825206447015;51.8709737696201,57.1708955351462;59.0671651297895,50.8188897502677;50.8853379524538,61.0796553616511;53.6127388632959,67.3517362473543;56.3401397741381,73.6238171330576;64.2973648523120,77.4122191833824;72.2545899304842,81.2006212337061;77.1638049809544,85.0653225309566;56.3401397741381,73.6238171330576;65.4395425874552,75.6052885506379;74.5389454007708,77.5867599682241;79.9471531004190,79.3910042791450;85.3553608000653,81.1952485900627;91.3012342633952,88.8837219316745;74.5389454007723,77.5867599682182;72.5402243267074,80.7597103410393;70.5415032526428,83.9326607138605;80.7179286682752,82.0289762993336;90.8943540839078,80.1252918848069;91.5144270092788,88.8139488571003];
solution3 = [5,5;12.1420890907928,8.70772446801226;19.2841781815856,12.4154489360245;20.0012723936661,20.6724557146905;20.7183666057466,28.9294624933564;28.1757078815786,32.3272850730795;19.2841781815856,12.4154489360245;20.1664973900862,20.5989728776423;21.0488165985869,28.7824968192600;23.0140543931877,35.3047850853227;24.9792921877884,41.8270733513854;33.8123033912612,44.8648786459893;30.2476118019922,21.1191907018994;35.1015375640042,27.5823517622125;39.9554633260163,34.0455128225255;39.5671013526624,41.5749097065515;39.1787393793090,49.1043065905777;45.2578444763589,54.9280336740535;39.9554633260163,34.0455128225255;40.1579954124540,41.4461970682821;40.3605274988917,48.8468813140387;42.7113950721675,52.1213302035853;45.0622626454431,55.3957790931319;57.1091250109952,54.0187809550737;39.3802544823222,49.0651323782523;45.1327962173880,55.0723938699517;50.8853379524538,61.0796553616511;53.6127388632959,67.3517362473543;56.3401397741380,73.6238171330575;64.7751247150825,76.7395055229835;50.8853379524538,61.0796553616511;53.6127388632959,67.3517362473543;56.3401397741380,73.6238171330575;64.2973503870724,77.4122381487096;72.2545610000059,81.2006591643608;77.1637749192040,85.0653684939483;56.3401397741381,73.6238171330576;62.8048806055653,79.0358990822985;69.2696214369936,84.4479810315397;73.2928070636427,89.7179413019050;77.3159926902951,94.9879015722733;86.1215250347822,96.8675694056594;74.5389454007723,77.5867599682182;74.5685047874517,85.7819676352579;74.5980641741311,93.9771753022976;83.4002814515888,96.3593997279994;92.2024987290465,98.7416241537012;98.0356549802594,99.6105985141619];
solution4 = [5,5;12.1420890907928,8.70772446801226;19.2841781815856,12.4154489360245;24.7560578211137,16.7816091854142;30.2279374606417,21.1477694348026;35.2948182617755,27.4146018445134;19.2841781815856,12.4154489360245;25.8127002947102,7.73179410948387;32.3412224078349,3.04813928294322;36.4590859263350,5.59742211844795;40.5769494448351,8.14670495395268;46.2762230054584,16.8105144284659;30.2346502518609,21.1243811241635;34.0723512144227,17.0486943725987;37.9102236025913,12.9730076216104;42.0500708467610,9.29809146454243;46.1899180919869,5.62317531328959;53.0092742785984,6.96153294204296;39.8846059236150,34.0455128225255;39.9131017692513,24.8676106801875;39.9415976141451,15.6897085377646;47.6890345010269,17.0743828115511;55.4364713867328,18.4590570855549;59.7834187712905,10.6799351362946;39.3802544823222,49.0651323782523;47.0283939070495,40.1036544585999;54.6765333317819,31.1421765390867;53.3453696368688,36.0621008542790;52.0142059419330,40.9820251693026;61.7205941359103,28.7301414017339;50.8853379524538,61.0796553616511;57.7941236642897,52.9849648069721;64.7029093761319,44.8902742521876;70.5941689770164,47.2425365216294;76.4854285782090,49.5947987909319;72.7599809840121,39.0429369616002;56.3401397741381,73.6238171330576;60.8458815267231,65.3612263687078;65.3516232762508,57.0986356061290;73.2767658526675,60.0658403037256;81.2019084291932,63.0330450024839;83.5666403516551,59.9231818559117;74.5389454007723,77.5867599682182;79.5810734248228,78.9196946183018;84.6232014488738,80.2526292683854;90.5114262374626,88.4388473341236;96.3996510260517,96.6250653998614;99.9999920498343,99.9999995416369];
