function [Bez_points, num_path, num_segments, delta_t, t, solution1, solution2, solution3, solution4, solution5,...
    Path_bez, ms_i, uav_ws, n_obs, obs, obs_rad] = make_video_5_19a()

%inputs
Bez_points = [5,5;8.63560336409089,10.6872535554619;12.2712067281818,16.3745071109238;12.5923429274339,20.1107313472875;12.9134791266861,23.8469555836512;14.3304811541586,29.9507641591172;15.7474831816310,36.0545727345832;17.7904532373645,40.1717478012203;19.8334232930979,44.2889228678574;22.5915742703316,48.9457659335816;25.3497252475654,53.6026089993059;30.0812813115742,55.3956746345054;34.8128373755829,57.1887402697048;40.6926708506755,61.0949314463295;46.5725043257680,65.0011226229541;50.1925891233372,67.3615936022486;53.8126739209065,69.7220645815430;59.7129429880258,70.0302264259285;65.6132120551451,70.3383882703140;71.6948495600573,70.8835465267818;77.7764870649695,71.4287047832497;84.6331543625164,77.1056374076606;91.4898216600633,82.7825700320715;94.7770737257431,84.5871403013278;98.0643257914230,86.3917105705841;98.3731428336144,91.4404870737321;98.6819598758058,96.4892635768802;100,100];

num_path = 3;
num_segments = 14; %0;
delta_t = 0.1;
t = 0 : delta_t : 1;

solution1 = [5,5;7.01900938077834,8.42391101765031;9.03801876155668,11.8478220353006;12.8127753105548,16.5648864692206;16.5875318595530,21.2819509031407;22.1448745081106,26.0229944092793;12.2712067281818,16.3745071109238;14.7207274868140,19.2199067225405;17.1702482439731,22.0653063331954;22.0807259842557,26.9449379277220;26.9912037230806,31.8245695223405;34.4335575056370,32.6009661122605;12.9134791266861,23.8469555836512;14.3304794073860,29.9507658162308;15.7474796881004,36.0545760488001;17.4436999496451,39.4313566386461;19.1399202111415,42.8081372285097;23.1457774523145,47.6222929028175;15.7474831816310,36.0545727345832;17.4436960116265,39.4313493814280;19.1399088416220,42.8081260282727;22.1766763363102,48.2395302109926;25.2134438309983,53.6709343937125;30.2290003603211,55.5540077358087;19.8334232930979,44.2889228678574;22.5915742703316,48.9457659335816;25.3497252475654,53.6026089993059;30.0264351498214,55.3310357726919;34.7031450520774,57.0594625460779;40.9279650652569,61.3223418582346;25.3497252475654,53.6026089993059;30.0812813115742,55.3956746345054;34.8128373756610,57.1887402698105;40.6926971806999,61.0949360147074;46.5725569855053,65.0011317596078;49.7400282833006,67.1791517777703;34.8128373755829,57.1887402697048;40.6926708506755,61.0949314463295;46.5725043257679,65.0011226229539;50.2217053754004,67.3797722417004;53.8709064250330,69.7584218604466;59.1050339040620,73.1962497840096;46.5725043257680,65.0011226229541;50.1925891233372,67.3615936022486;53.8126739209065,69.7220645815437;58.6412945373398,72.8906219797227;63.4699151537731,76.0591793779017;67.0040233235138,78.3737562001848;53.8126739209065,69.7220645815430;60.5951452419737,66.7348185757824;67.3776165730143,63.7475725720017;66.7814350941405,72.2035451578994;66.1852536291473,80.6595177430841;68.9550084473222,83.2801724807890;65.6132120551451,70.3383882703140;71.6968924354930,70.8839157848206;77.7805728158411,71.4294432993272;80.3380877769445,75.2097661484614;82.8956027380479,78.9900889975958;87.8562431932838,84.8452951169874;77.7764870649695,71.4287047832497;84.6331543625164,77.1056374076606;91.4898216600633,82.7825700320715;94.7281021068762,84.6736120062330;97.9663825536890,86.5646539803949;98.5279806848532,93.5382074662974;91.4898216600633,82.7825700320715;95.2391600444175,82.8530103164797;98.9884984287718,82.9234506008865;97.6195706577929,91.4265261128835;96.2506428868137,99.9296016248765;99.9999812710007,100.000041909410];

solution2 = [5,5;2.51391672996304,8.81855575180137;0.0278334599260809,12.6371115036027;9.97035175042484,8.01135268835894;19.9128700409236,3.38559387311514;17.9882682853835,6.64314046762663;12.2712150767745,16.3745071108997;11.0827334622416,21.9737773799105;9.89425184759635,27.5730476536006;21.9068761355217,22.7074277392345;33.9195530053226,17.8418078338042;35.1822865973373,22.0265208033411;12.9134791266861,23.8469555836512;19.3044500446326,27.2354629565447;25.6954209684742,30.6239703210653;33.3365698269261,32.1796327178343;40.9777186926119,33.7352951138602;44.2811254496737,36.4422087307564;15.7474831816310,36.0545727345832;12.3091505487079,40.1423731362147;8.87081791677420,44.2301735389890;19.7171918306283,43.5625905296870;30.5635657412518,42.8950075205654;34.6990030829737,42.9519041863233;19.8334232930979,44.2889228678574;22.9308492522659,49.5312852932007;26.0282752114339,54.7736477185441;31.3604632792978,52.8710889672018;36.6926513471617,50.9685302158595;41.0201290851446,50.3478278807737;25.3497252475654,53.6026089993059;30.0649319068292,55.3748126652122;34.7801385660929,57.1470163311179;38.9227968100376,60.0307735421748;43.0654550539812,62.9145307532301;47.7265083727847,65.8638271517184;34.8128373755829,57.1887402697048;38.9275495022618,60.0079060768783;43.0422616289406,62.8270718840518;47.3440039846105,65.6009350684435;51.6457463402805,68.3747982528353;56.1283681736827,71.3240973957386;46.5725043257680,65.0011226229541;49.7153368302674,67.0489979484835;52.8581693347667,69.0968732740129;58.2385897577431,72.6271643714748;63.6190101807195,76.1574554689369;66.9399305248489,78.3322525496633;53.8126739209065,69.7220645815430;59.8794933412632,68.1071717406097;65.9463127616008,66.4922788976124;66.2544934760721,73.3173351209273;66.5626741900111,80.1423913418672;68.7200876243457,83.2102312468195;65.6132120551451,70.3383882703140;66.5504374250151,77.3695889355320;67.4876627941983,84.4007895981648;76.2399365549961,87.2117776613705;84.9922103176102,90.0227657214883;85.1519091764892,86.2124401394759;77.7764870649695,71.4287047832497;80.8093885392025,74.4811136586061;83.8422900134354,77.5335225339623;88.8757707748959,80.3378440981866;93.9092515363562,83.1421656624108;96.6683659640238,86.5125824565379;91.4898216600633,82.7825700320715;95.2241791794649,83.1247306927379;98.9585366988666,83.4668913534046;100.979872426304,90.6092699847014;103.001208153742,97.7516486159982;99.9999861972311,100.000018418263];

